0,386
97,52
97,51
97,50
97,49
97,48
97,47
97,46
97,45
97,44
97,43
97,42
97,41
97,40
97,39
97,38
97,37
97,36
99,7
99,6
99,5
99,4
99,3
99,2
99,1
99,0
0,278
0,512
0,472
98,5
98,4
98,3
98,2
0,9
98,1
98,0
97,35
3,2
10,281
10,303
10,265
10,299
10,289
10,199
10,65
10,291
10,2
10,3
11,26
11,24
9,7
9,2
9,3
8,13
8,17
8,9
8,10
8,11
8,7
8,12
8,2
8,3
12,2
12,1
12,3
20,2
20,1
20,3
19,2
19,1
19,3
92,7
92,6
92,5
92,4
92,3
92,2
92,1
92,0
90,4
90,3
90,2
90,1
90,0
82,6
82,5
82,4
82,3
82,2
82,1
82,0
79,5
79,4
79,3
79,2
79,1
79,0
66,6
66,5
66,4
66,3
66,2
66,1
66,0
57,5
57,4
57,3
57,2
57,1
57,0
55,4
55,3
55,2
55,1
55,0
45,5
45,4
45,3
45,2
45,1
33,3
33,1
24,3
18,1
